		|		Unoptimezed			|		Optimized			
-----------------------------------------------------------------------------------------------------------------
Heap size, m	|	Time, msec	|	Time, sec	|	Time, msec	|	Time, sec	
-----------------------------------------------------------------------------------------------------------------
256		|	39506		|	39		|	984		|	0
		|	41785		|	41		|	1031		|	1
		|	34540		|	34		|	1000		|	1
		|	34273		|	34		|	1016		|	1
-----------------------------------------------------------------------------------------------------------------
2048		|	20262		|	20		|	1032		|	1
		|	21203		|	21		|	2016		|	2
		|	20923		|	20		|	1973		|	1
		|	21202		|	21		|	1547		|	1
-----------------------------------------------------------------------------------------------------------------
1024		|	22328		|	22		|	1109		|	1
		|	22129		|	22		|	1124		|	1
		|	21991		|	21		|	1359		|	1
		|	21847		|	21		|	1922		|	1
-----------------------------------------------------------------------------------------------------------------
1536		|	21056		|	21		|	1000		|	1
		|	21043		|	21		|	1062		|	1
		|	21000		|	21		|	1031		|	1
		|	22112		|	22		|	1109		|	1
-----------------------------------------------------------------------------------------------------------------
1792		|	16313		|	16		|	1078		|	1
		|	21026		|	21		|	1047		|	1
		|	21111		|	21		|	1078		|	1
		|	20912		|	20		|	1016		|	1
-----------------------------------------------------------------------------------------------------------------
1920		|	16316		|	16		|	1015		|	1
		|	21111		|	21		|	1016		|	1
		|	19619		|	19		|	1093		|	1
		|	16287		|	16		|	1031		|	1
-----------------------------------------------------------------------------------------------------------------
1664		|	19631		|	19		|	1016		|	1
		|	19553		|	19		|	1000		|	1
		|	18982		|	18		|	1156		|	1
		|	19069		|	19		|	1031		|	1
-----------------------------------------------------------------------------------------------------------------
1600		|	21293		|	21		|	1031		|	1
		|	20562		|	20		|	984		|	0
		|	20521		|	20		|	1016		|	1
		|	21030		|	21		|	999		|	0
-----------------------------------------------------------------------------------------------------------------
1696		|	14706		|	14		|	1031		|	1
		|	14696		|	14		|	1159		|	1
		|	14758		|	14		|	1032		|	1
		|	14668		|	14		|	1016		|	1
-----------------------------------------------------------------------------------------------------------------
1688		|	14620		|	14		|	1016		|	1
		|	14820		|	14		|	1031		|	1
		|	14596		|	14		|	1015		|	1
		|	14660		|	14		|	1015		|	1
-----------------------------------------------------------------------------------------------------------------
1680		|	15324		|	15		|	1031		|	1
		|	15201		|	15		|	1015		|	1
		|	15186		|	15		|	1085		|	1
		|	15156		|	15		|	1000		|	1
-----------------------------------------------------------------------------------------------------------------
1684		|	14550		|	14		|	1138		|	1
		|	14636		|	14		|	1079		|	1
		|	14593		|	14		|	984		|	0
		|	14519		|	14		|	1031		|	1
-----------------------------------------------------------------------------------------------------------------
1682		|	14710		|	14		|	984		|	0
		|	14512		|	14		|	1031		|	1
		|	14576		|	14		|	1032		|	1
		|	14527		|	14		|	1015		|	1
-----------------------------------------------------------------------------------------------------------------
1681		|	14526		|	14		|	984		|	0
		|	20943		|	20		|	984		|	0
		|	14629		|	14		|	1031		|	1
		|	14561		|	14		|	1000		|	1
-----------------------------------------------------------------------------------------------------------------
8		|			|			|	1016		|	1
		|			|			|	1000		|	1
		|			|			|	1078		|	1
		|			|			|	1016		|	1
-----------------------------------------------------------------------------------------------------------------
4		|			|			|	1031		|	1
		|			|			|	1015		|	1
		|			|			|	1016		|	1
		|			|			|	1015		|	1

Оптимальный размер хипа для неоптимизированного приложения - 1682 Мб.
Для оптимизированного приложения размер хипа больше 4 Мб уже не дает значительного уменьшения времени выполнения.

